# Input data file containing complex numbers
(3 2) 
(4 3)
###########
(3 2)  
(4 -3)
###########
(3 2) 
(-4 3)
###########
(3 2) 
(-4 -3)
###########
(3 -2) 
(4 3)
###########
(3 -2) 
(4 -3)
###########
(3 -2) 
(-4 3)
###########
(3 -2) 
(-4 -3)
###########
(-3 2) 
(4 3)
###########
(-3 2) 
(4 -3)
###########
(-3 2) 
(-4 3)
###########
(-3 2) 
(-4 -3)
###########
(-3 -2) 
(4 3)
###########
(-3 -2) 
(4 -3)
###########
(-3 -2) 
(-4 3)
###########
(-3 -2) 
(-4 -3)
###########
(6 @#) 
(8 7)

(2 ^)
(# $)
###########
(6 2 3)
(4)
###########
(10 20) 
(       3 5)
###########
(6 @)
(8 7 6)
###########
(       2 3)  
(   A 4 5)
###########
(3 4) 
(5.23 6.45)
###########
(3 4) 
(-5.23 -6.45)

8 ( 90.0 )
(8 8)